655
256
687
68
77
315
771
496
443
729
960
531
581
1000
819
220
182
976
125
642
104
505
861
224
151
112
541
550
865
20
856
86
207
370
623
452
291
900
689
600
803
46
234
398
126
221
67
532
712
107
155
551
732
803
795
389
861
391
831
686
309
900
851
106
985
631
47
980
61
882
312
541
651
814
473
741
991
859
383
642
420
378
61
625
246
22
244
240
646
459
688
495
409
265
553
13
291
453
563
777
785
936
975
526
312
278
863
875
8
497
354
696
726
321
547
8
743
289
420
117
737
73
729
352
467
409
349
829
358
647
297
355
544
205
89
953
773
700
505
528
529
448
863
542
701
468
313
810
530
965
258
161
932
76
435
83
868
863
897
119
27
55
909
719
553
665
105
846
106
812
87
651
928
665
216
940
227
352
96
129
946
110
762
951
295
866
991
575
271
245
451
155
222
96
663
612
450
50
858
753
566
522
731
668
46
462
119
71
442
76
365
736
858
717
912
73
770
161
172
360
413
261
593
547
283
746
551
426
925
592
908
470
377
699
342
888
223
940
159
117
400
835
298
888
260
220
880
47
172
512
492
231
893
953
339
12
145
75
375
194
203
499
848
635
122
972
835
299
478
682
586
794
312
430
331
314
852
173
246
248
460
144
392
477
800
595
587
971
525
841
440
368
298
308
263
897
6
237
494
276
967
779
388
421
88
296
715
696
548
172
892
62
88
795
479
43
847
116
264
226
753
89
634
581
104
680
452
484
132
34
274
922
467
293
606
210
216
849
379
514
164
467
132
347
260
884
562
9
523
372
72
882
30
816
639
614
110
438
303
610
321
592
914
848
589
641
389
449
712
996
138
523
480
45
217
257
14
234
321
732
433
124
37
207
278
29
591
378
166
189
136
256
683
385
779
689
473
393
563
426
755
471
128
91
979
589
991
688
204
678
422
461
998
820
77
794
913
92
332
534
624
304
970
239
719
48
989
61
483
209
417
222
974
589
320
97
745
543
615
742
843
336
996
578
825
566
147
921
929
398
569
629
94
447
364
117
411
574
759
731
833
158
152
149
537
754
157
917
793
925
319
979
90
55
980
309
717
503
774
330
922
944
888
641
501
993
125
786
753
776
992
208
408
802
568
581
670
714
83
913
795
873
884
682
729
538
499
552
873
619
3
814
849
401
21
37
945
611
628
854
915
877
667
482
500
747
612
550
917
909
699
652
299
533
451
903
340
532
571
574
531
241
254
838
557
363
528
437
969
233
616
870
331
789
105
707
764
108
550
818
288
367
577
78
767
933
156
311
694
245
457
318
971
438
609
699
105
603
240
206
560
94
850
408
631
694
447
640
538
769
400
964
400
174
546
240
9
676
871
918
703
19
553
376
405
933
941
835
835
830
767
26
341
977
183
161
893
742
572
376
328
745
864
820
933
751
687
370
26
245
378
325
891
905
934
92
47
229
631
114
924
116
771
730
387
702
768
284
517
833
893
832
814
900
267
618
886
510
301
386
120
126
769
174
233
391
466
179
111
497
395
430
284
67
96
211
764
137
805
395
960
959
347
138
564
643
475
229
861
531
609
57
954
892
638
386
551
526
10
738
777
17
798
824
908
8
524
654
962
801
518
433
599
550
259
796
794
646
312
430
839
597
729
402
768
607
826
595
366
678
669
451
249
484
765
140
857
748
432
877
158
936
925
835
557
651
956
175
317
905
728
951
866
340
389
889
203
359
766
444
62
776
778
747
387
266
408
831
539
749
25
592
106
873
425
713
287
286
347
583
715
868
833
307
61
555
70
287
407
148
825
881
531
534
600
799
420
879
183
62
322
404
9
537
534
165
777
645
819
380
377
111
457
762
266
846
779
648
29
996
753
752
573
205
797
65
142
151
269
240
89
806
578
646
516
462
663
498
246
869
606
720
717
469
92
103
82
300
391
698
43
934
536
423
331
499
161
704
459
48
610
465
966
430
2
695
878
876
657
571
880
507
434
409
231
651
769
967
423
111
227
947
504
145
294
498
13
228
332
587
521
726
212
24
361
785
78
917
238
999
424
627
899
423
144
934
324
153
602
537
297
959
657
483
281
603
880
851
476
217
331
289
763
40
586
366
948
156
389
662
677
31
1000
181
167
137
726
215
878
986
951
98
561
772
691
849
472
532
425
293
268
319
796
712
584
972
815
840
875
889
54
49
436
184
167
9
867
512
77
906
785
6
914
811
195
348
693
839
525
626
668
319
633
349
304
538
542
745
625
702
807
165
734
483
455
660
354
876
730
868
788
630
574
378
276
926
416
374
591
329
540
123
743
166
783
890
73
933
503
806
942
898
632
746
4
939
815
939
395
917
796
389
231
607
285
507
961
230
186
127
112
731
728
857
369
214
798
155
18
274
268
385
906
529
784
79
941
46
909
917
711
29
983
154
429
856
24
708
516
948
617
322
663
759
324
581
685
506
818
875
371
773
295
107
247
619
149
438
116
901
286
290
393
879
816
461
63
102
369
89
995
58
990
402
134
589
565
611
514
666
487
108
835
156
229
963
787
31
278
789
358
167
602
77
812
116
254
630
558
764
455
868
86
507
73
163
30
238
248
700
531
646
167
926
243
17
497
462
409
376
701
181
858
442
124
900
448
857
364
691
401
543
512
808
286
24
918
81
80
130
153
308
256
386
70
328
808
394
925
766
336
44
205
451
614
213
117
781
296
770
871
300
910
843
453
90
900
69
475
756
524
303
44
977
889
389
56
295
695
783
831
381
679
192
215
876
185
794
740
400
466
397
544
725
443
319
849
712
579
230
866
255
721
894
45
757
110
138
178
699
338
521
233
475
596
648
271
851
947
650
430
222
414
211
227
375
487
397
22
974
692
436
304
843
783
710
462
713
231
404
626
38
626
183
126
200
531
497
908
395
864
264
485
631
112
112
596
568
133
433
423
807
67
115
241
270
346
552
173
339
366
795
710
76
706
189
159
634
170
94
390
948
366
387
589
357
880
338
945
814
337
471
503
953
684
770
103
642
528
956
596
174
7
946
979
787
995
555
10
154
963
255
360
370
229
358
918
224
202
372
408
911
543
841
171
721
989
372
18
105
990
572
834
275
187
856
810
483
931
816
839
295
1
59
28
373
509
23
934
792
703
698
11
171
828
744
303
108
875
754
324
621
222
989
175
372
259
636
425
728
846
982
575
743
988
303
884
852
211
980
354
652
200
724
843
258
575
162
102
327
901
505
252
747
729
220
9
219
430
624
248
661
327
856
982
913
998
949
303
826
848
792
748
676
130
607
81
31
67
521
829
487
321
426
162
963
609
698
945
349
891
801
433
518
412
461
900
657
163
539
30
369
914
526
327
501
297
899
570
590
652
259
865
269
984
154
860
276
846
915
665
765
633
385
326
568
530
398
156
926
724
69
384
354
381
323
9
565
936
19
850
99
307
886
830
847
752
476
119
778
344
240
387
950
111
563
782
886
48
931
320
25
714
972
132
617
76
240
614
918
239
747
135
321
759
79
691
570
769
826
119
51
245
748
710
490
137
609
701
480
790
118
323
161
291
387
14
357
149
551
969
820
947
702
714
991
688
618
908
870
85
880
660
711
310
968
231
534
889
880
438
455
239
851
414
230
461
258
643
985
790
888
433
588
335
35
298
915
557
492
903
660
537
998
533
325
120
353
145
86
149
670
695
405
395
158
890
254
648
454
711
43
162
413
748
749
349
88
752
482
715
399
24
545
106
413
580
653
942
755
747
77
112
106
463
79
219
541
904
512
749
70
136
83
785
861
300
51
24
938
668
327
450
982
891
91
256
220
663
58
557
762
512
91
712
428
359
343
125
836
262
118
697
790
219
940
944
106
715
923
997
396
144
33
647
517
529
14
295
192
882
895
120
949
166
345
872
750
846
487
379
5
784
664
466
552
500
927
125
177
986
994
778
837
502
900
678
762
970
541
623
851
425
292
961
853
564
566
105
361
631
788
525
896
327
105
243
830
885
387
408
573
366
102
436
32
810
763
568
293
993
506
776
723
547
197
129
962
918
483
392
700
906
915
879
637
4
480
974
349
441
25
500
512
220
284
249
169
519
710
499
911
291
417
583
442
739
771
672
220
259
979
144
732
52
18
577
454
445
576
588
415
753
477
190
243
260
525
869
710
781
847
926
197
320
815
642
531
746
789
89
234
312
964
331
242
460
710
843
782
468
418
429
554
240
590
299
317
643
633
221
632
422
486
624
925
663
651
380
191
450
402
629
161
504
162
555
114
712
999
849
414
361
802
579
465
161
988
931
341
64
484
170
683
745
78
593
72
396
430
944
30
503
130
596
574
901
941
165
606
628
215
111
293
61
333
429
628
422
271
54
202
564
425
723
71
699
284
776
702
602
136
408
113
785
245
838
400
801
186
56
123
914
915
429
152
390
678
306
420
42
520
333
70
325
107
493
923
267
580
196
194
755
749
439
164
28
231
650
728
391
943
634
276
604
758
595
307
666
725
991
735
963
267
267
5
630
695
255
771
514
999
909
517
29
576
339
717
325
859
339
164
242
215
863
816
237
152
137
105
415
545
869
870
511
822
787
281
750
190
847
599
504
663
951
733
859
310
471
24
991
540
937
53
925
577
342
640
787
43
480
995
359
76
671
843
778
296
625
171
532
210
399
609
633
460
777
285
497
153
572
89
329
598
964
860
455
706
14
710
13
143
418
393
495
478
933
990
612
285
170
49
319
601
162
547
65
553
879
180
855
920
301
702
773
287
615
665
508
784
861
370
447
127
102
29
71
27
622
200
430
539
957
770
5
67
47
934
649
189
688
932
743
252
70
658
754
910
146
760
428
656
114
931
982
31
990
506
409
22
792
384
295
862
261
971
564
1
663
507
874
107
267
542
319
429
744
738
958
621
948
39
671
229
536
164
557
834
505
102
413
270
426
705
868
64
361
759
827
651
137
865
73
10
571
191
851
562
475
909
412
308
50
370
635
852
346
245
811
654
945
994
713
448
653
901
296
537
393
304
263
677
215
533
214
389
672
393
272
301
390
952
784
12
232
528
477
308
44
599
278
292
411
360
697
968
35
747
926
350
814
636
639
646
991
883
832
281
274
260
495
149
717
627
806
703
21
575
764
81
411
9
59
504
688
548
729
324
298
884
762
989
369
57
550
579
418
357
107
824
854
844
478
262
327
920
99
848
680
685
714
409
575
752
649
798
278
178
168
179
425
142
257
586
49
432
983
756
539
708
60
905
106
86
965
900
154
106
249
737
754
794
303
428
644
605
439
343
1000
649
770
811
333
327
706
628
264
411
530
939
637
691
138
677
715
263
677
34
722
287
129
703
615
491
142
338
94
179
502
662
821
169
197
471
723
290
94
643
956
172
732
933
464
759
319
74
608
1
927
987
82
809
296
611
864
382
724
592
714
640
21
786
87
242
207
615
672
658
891
364
93
571
606
26
4
401
930
11
252
384
513
224
50
412
772
681
544
162
271
130
958
20
524
30
197
353
741
603
434
769
692
466
290
186
529
493
558
575
632
455
398
502
327
989
757
866
864
32
382
733
847
959
295
327
218
549
312
153
541
631
296
252
203
530
516
179
149
172
659
923
909
233
172
950
297
461
329
947
474
453
697
281
607
481
350
864
18
404
507
710
981
160
823
535
531
841
148
74
523
576
699
930
553
449
570
274
27
78
911
81
251
533
181
537
158
239
182
710
773
467
819
219
664
915
657
119
618
723
798
355
473
923
514
966
646
946
573
696
577
731
839
324
850
795
841
291
985
90
453
311
339
709
592
928
878
863
444
304
733
662
392
846
774
618
385
9
999
150
126
475
614
145
662
305
607
809
701
338
500
373
527
738
261
501
488
642
519
93
460
838
606
222
583
3
894
862
726
464
747
958
876
302
544
661
169
157
978
826
266
311
383
313
73
965
650
795
925
408
603
872
236
777
960
616
579
293
857
587
202
605
219
148
154
68
65
950
759
652
150
915
166
925
183
241
888
939
370
10
326
78
131
512
940
672
674
463
186
558
883
969
63
104
924
832
199
703
951
818
515
315
147
308
929
816
46
597
362
103
237
264
892
295
331
880
123
938
857
21
574
397
382
136
846
156
633
626
411
898
20
346
641
404
628
583
147
404
717
792
306
993
219
656
590
720
294
906
884
597
375
841
125
48
699
57
898
564
238
454
92
227
636
426
163
48
250
431
83
797
35
692
370
576
250
680
652
711
132
755
955
553
716
881
294
987
206
285
964
944
518
161
166
564
968
193
43
512
648
661
253
865
976
267
17
400
982
54
44
251
285
816
308
192
960
385
909
506
828
844
230
919
595
371
449
961
41
345
882
729
824
833
642
219
404
221
231
78
930
292
717
379
752
296
584
605
403
283
530
175
290
389
988
595
549
6
681
279
262
17
27
807
322
463
224
271
674
950
12
126
838
100
251
111
545
764
991
205
251
207
608
366
695
290
922
226
854
148
340
110
876
366
360
839
779
111
905
435
697
720
305
22
986
507
585
813
123
516
655
535
556
940
684
869
104
466
238
662
520
427
709
308
232
639
577
512
341
324
865
463
779
781
883
100
848
257
782
708
741
383
646
340
102
373
910
829
212
666
938
420
254
684
902
312
615
901
816
314
222
793
655
809
487
364
907
290
890
473
550
748
283
445
436
958
921
506
994
985
809
789
282
745
447
218
670
351
951
577
38
180
697
705
582
538
466
300
185
791
611
871
714
942
182
880
796
938
939
169
71
717
782
641
56
107
710
158
393
880
116
786
137
852
389
101
124
578
930
38
307
872
312
591
232
706
637
797
965
598
141
502
865
703
160
657
254
908
635
389
685
345
99
62
969
780
716
321
887
257
166
96
988
980
222
659
238
919
791
972
314
939
594
288
558
537
171
348
185
659
91
88
844
100
651
54
330
806
165
223
850
178
330
780
538
611
191
852
882
179
519
51
95
866
605
433
685
580
7
692
387
416
42
547
181
351
382
293
803
806
595
242
105
947
12
684
470
734
109
597
919
611
87
549
463
490
170
610
691
704
525
753
697
526
562
768
917
587
124
835
437
745
291
503
591
366
86
897
473
966
25
414
270
971
747
53
801
932
81
215
907
583
902
411
448
865
260
508
818
133
739
31
675
823
403
879
282
6
867
37
719
106
756
51
186
793
734
289
355
552
273
631
544
813
100
145
535
207
628
341
729
78
617
403
344
331
980
334
391
671
628
153
557
502
289
143
716
284
160
608
866
552
411
46
60
725
259
313
94
981
182
323
635
595
650
45
342
957
903
575
985
741
46
655
114
728
509
219
907
266
539
542
737
553
382
795
901
317
156
308
241
999
210
572
54
357
211
766
477
740
965
134
987
474
765
828
928
426
676
740
512
534
615
98
279
829
232
471
623
282
953
286
551
477
473
73
154
766
383
260
894
908
947
682
718
780
103
281
772
894
567
957
70
917
448
490
326
551
58
730
781
991
734
956
853
51
135
447
597
319
750
648
287
631
802
733
186
818
649
5
769
517
317
797
12
728
543
860
68
953
418
784
772
627
631
701
126
973
94
536
946
162
359
357
818
440
309
446
355
881
766
947
360
557
788
989
918
977
78
712
403
778
36
321
666
161
65
412
998
598
339
637
401
900
190
163
814
97
44
835
549
223
853
895
215
679
325
462
40
407
640
804
92
303
500
667
278
13
915
368
855
158
346
64
675
976
166
503
30
834
860
672
603
408
641
148
856
863
366
736
813
316
938
832
495
175
587
650
683
251
246
849
896
103
798
639
206
715
37
717
580
635
804
33
598
280
3
710
766
231
9
852
728
435
993
641
510
353
5
14
620
923
120
238
307
368
367
67
235
597
88
22
339
429
145
172
394
924
408
600
648
247
879
680
272
945
944
846
799
821
419
680
975
444
343
496
353
500
353
764
835
29
849
738
654
883
631
934
34
226
61
304
888
855
416
620
387
135
386
851
25
8
939
201
623
964
825
830
868
244
219
520
770
625
408
970
555
991
753
409
208
36
277
947
908
746
77
402
171
151
894
457
670
611
179
88
357
706
342
85
435
369
905
617
652
575
533
150
183
260
605
807
648
458
671
221
176
781
983
503
947
453
992
563
677
937
644
299
415
50
40
30
439
113
745
926
46
553
621
81
589
219
600
95
189
767
913
193
675
400
532
513
182
696
601
743
570
338
529
334
637
88
56
545
729
932
67
925
209
16
901
625
97
472
191
322
582
170
128
89
924
52
866
430
393
827
590
105
231
453
123
6
623
972
841
425
518
151
373
730
379
325
834
145
769
820
874
38
17
928
708
938
795
601
849
374
842
898
329
866
597
148
334
327
192
401
651
71
556
627
402
72
699
873
965
191
365
684
788
273
558
307
505
569
243
182
343
789
501
507
691
536
851
595
187
546
433
878
400
467
636
114
349
557
847
312
793
667
561
192
741
158
425
526
230
871
630
999
748
328
589
483
78
828
968
412
379
839
574
13
940
654
675
872
348
278
757
720
704
484
252
303
467
669
205
715
307
397
554
13
184
574
49
324
65
223
911
514
955
686
737
636
250
911
128
128
152
163
379
508
69
226
78
257
554
149
615
372
330
818
734
425
534
871
150
692
800
691
773
927
684
691
433
859
8
442
15
323
369
355
68
898
35
582
930
517
663
948
161
194
184
754
646
876
552
552
370
146
975
696
160
992
459
535
44
491
511
617
63
800
571
227
753
698
470
601
921
550
261
241
223
172
972
178
657
858
874
395
616
648
560
276
847
541
99
399
753
285
103
926
556
348
31
538
130
6
278
252
990
35
751
48
663
205
322
961
940
145
395
81
114
574
695
118
803
460
401
991
902
890
83
553
852
874
44
525
14
410
925
87
167
816
767
883
743
834
813
609
384
248
466
424
339
444
678
109
590
992
879
942
391
381
993
278
797
959
362
415
970
580
471
495
921
971
337
411
46
145
593
153
455
973
402
6
335
913
769
682
254
181
295
15
362
390
610
46
22
842
937
550
537
326
979
745
926
968
208
766
558
495
32
236
514
543
520
309
930
56
44
367
715
198
969
451
700
489
769
304
754
505
351
394
851
447
524
530
963
722
118
508
268
874
835
464
266
689
438
959
36
696
644
136
655
808
666
927
757
997
553
48
631
510
148
886
593
329
558
220
511
999
844
729
277
503
408
50
117
106
170
376
944
230
646
961
489
316
840
178
895
870
652
730
828
610
856
200
258
33
663
76
881
150
380
5
85
504
346
610
908
134
6
561
826
710
265
296
702
306
828
65
932
355
324
620
66
93
200
517
327
18
534
34
447
914
383
139
195
513
775
844
541
832
15
180
129
20
708
511
257
922
260
556
497
775
658
612
185
499
274
776
99
551
752
694
122
248
572
425
584
712
368
282
703
644
221
618
597
59
164
340
522
614
907
301
638
572
124
10
946
40
921
833
337
570
128
119
283
323
167
323
213
435
400
209
896
987
256
56
510
397
315
860
160
65
494
437
517
631
599
318
120
566
334
47
153
256
911
142
154
838
739
856
297
908
171
130
177
928
656
979
407
85
497
31
669
570
921
883
916
397
851
261
812
112
894
906
54
420
503
213
957
81
914
172
320
683
112
790
42
750
989
4
557
283
188
936
167
962
109
375
394
154
364
817
755
856
784
567
438
947
248
610
114
183
719
121
279
442
337
544
575
761
608
591
901
527
693
645
901
188
755
847
501
643
55
451
725
385
60
593
886
413
590
752
220
395
894
489
187
250
29
772
961
797
242
658
464
275
485
586
927
362
129
283
205
477
704
413
383
238
988
445
609
205
306
792
548
745
731
242
666
801
868
836
891
277
887
975
675
340
835
832
892
190
778
409
381
552
959
930
749
25
45
501
280
589
889
242
818
299
189
530
430
180
170
972
935
180
456
537
938
100
201
510
610
380
367
490
378
584
922
456
596
876
184
908
279
655
935
394
556
577
612
388
508
377
625
68
484
39
869
485
986
251
179
552
212
741
406
890
354
166
551
169
393
310
178
145
919
544
876
594
708
474
769
801
721
839
310
289
486
725
303
547
795
139
816
396
873
232
355
328
125
532
112
47
731
625
72
288
180
434
762
102
979
243
135
198
513
758
165
771
145
670
517
333
459
266
500
707
882
516
128
430
937
503
539
292
823
542
938
278
59
638
316
123
403
391
872
587
338
533
749
908
477
937
99
844
992
463
805
276
664
123
140
384
786
20
555
117
205
933
22
840
458
65
610
503
636
9
210
165
292
26
194
537
690
719
24
567
654
591
495
119
616
602
971
742
272
882
483
872
918
837
508
200
150
434
470
921
544
659
23
922
206
462
789
519
930
761
565
503
239
872
923
389
52
981
287
468
764
624
49
119
733
1
150
135
299
312
502
643
310
738
510
75
401
781
35
43
50
635
607
197
138
407
354
173
545
465
594
578
923
188
38
389
536
564
392
973
555
841
82
685
534
852
540
607
619
745
892
45
154
188
343
631
94
89
890
921
50
834
539
390
155
338
73
163
263
564
523
439
447
856
265
320
536
90
509
131
293
197
301
604
748
506
652
662
742
924
297
999
230
413
537
246
230
558
918
842
653
926
571
577
230
616
968
624
418
219
589
76
459
939
67
389
211
822
55
630
527
208
568
348
901
781
336
266
263
886
693
451
815
443
466
818
387
746
881
567
582
40
950
873
727
400
192
880
735
126
304
32
227
402
621
347
478
561
790
260
146
803
477
705
135
836
570
238
218
2
327
429
460
55
65
101
294
32
387
811
192
242
345
475
486
610
558
569
44
112
164
335
233
684
490
99
630
936
35
807
41
267
560
166
169
556
942
786
321
800
401
167
998
632
564
689
316
781
215
84
388
920
849
235
993
292
673
356
649
251
526
561
480
537
655
634
196
320
961
404
241
653
737
156
373
740
89
872
347
123
140
116
804
700
56
792
632
61
942
346
579
494
365
585
615
431
657
942
257
930
662
322
715
334
617
178
590
63
196
290
950
129
356
742
755
963
868
325
507
534
654
42
180
29
803
142
181
471
998
700
550
390
675
101
562
833
286
196
502
535
853
905
208
80
598
738
91
353
487
184
28
770
323
465
829
129
200
560
832
852
416
298
838
124
911
420
785
579
438
970
926
796
236
930
960
431
599
997
366
91
572
799
342
403
52
1000
96
593
946
315
79
189
963
13
106
636
832
513
264
459
350
749
584
100
780
483
655
512
699
421
821
77
465
244
974
343
162
54
243
615
997
13
143
422
734
36
688
727
829
275
271
881
587
491
984
598
564
141
26
447
908
27
671
379
54
917
692
536
377
456
705
707
3
100
18
264
381
629
733
487
295
29
748
739
63
573
906
409
164
618
843
902
634
697
937
111
626
677
699
608
616
145
52
528
462
547
458
449
567
790
71
362
69
372
29
404
73
262
161
943
25
601
377
712
795
280
883
402
807
653
823
274
573
313
207
692
997
452
523
725
218
790
297
778
934
138
19
92
692
999
631
77
927
724
460
11
408
1000
524
625
107
47
8
989
523
375
378
790
133
1
391
941
312
212
966
910
896
822
992
947
80
887
933
843
296
757
276
930
809
518
144
842
268
53
835
400
576
802
598
593
41
547
838
366
744
219
167
463
840
589
909
233
978
851
415
660
358
956
547
473
800
290
116
355
420
104
776
116
170
412
745
510
957
313
733
756
528
351
79
349
672
205
74
405
706
659
572
586
673
120
488
942
557
96
6
44
414
782
478
120
6
981
1000
457
834
503
170
793
419
861
925
747
156
758
552
330
44
988
734
733
940
619
632
951
393
391
524
890
795
596
304
803
857
979
767
719
225
77
708
769
786
952
432
548
707
545
816
661
551
767
524
664
615
631
616
522
950
519
689
481
757
854
911
965
131
848
873
130
598
363
893
338
994
688
647
509
444
806
450
519
636
654
510
416
900
61
914
832
513
298
638
462
802
937
613
803
512
252
758
386
143
536
850
186
908
185
364
232
185
161
182
734
956
328
546
493
315
19
516
721
939
617
418
65
861
782
922
387
686
57
382
537
670
290
814
331
985
567
349
298
175
529
660
522
445
510
194
323
763
359
736
207
811
760
694
941
802
591
989
77
861
384
410
256
47
251
831
162
612
469
912
47
273
772
276
87
582
118
591
667
676
119
569
126
424
766
11
665
995
875
325
420
105
631
126
370
969
994
752
928
112
633
426
184
343
473
842
712
133
706
819
309
61
890
779
814
565
593
428
939
18
522
425
837
59
125
169
858
437
158
157
846
142
529
958
385
595
997
997
905
296
864
102
225
469
457
111
22
274
417
443
471
465
708
339
996
96
546
18
527
559
773
135
315
465
469
72
814
501
153
207
446
371
577
717
569
663
196
140
969
123
368
45
248
34
522
21
37
834
94
982
712
919
715
13
49
893
695
922
413
916
25
297
665
860
180
756
673
164
357
598
547
750
130
76
366
505
510
27
968
877
564
140
291
533
986
641
996
514
810
680
471
279
506
166
100
337
899
315
513
414
143
361
269
7
430
587
569
22
14
57
472
673
770
151
481
575
231
736
63
507
137
369
855
519
600
596
343
554
298
118
70
292
141
330
775
662
533
739
850
968
759
187
753
288
602
376
81
88
76
874
847
97
568
400
560
2
346
15
534
380
820
882
952
799
527
454
101
944
692
783
965
950
975
177
670
780
891
951
894
912
750
13
960
719
476
567
625
610
154
688
353
626
843
157
405
888
187
635
978
522
910
911
668
204
793
179
581
921
124
911
913
127
122
881
144
967
282
103
740
461
42
721
205
727
752
320
622
411
51
465
255
27
986
539
807
276
448
448
813
128
143
652
403
932
339
187
346
12
570
561
450
732
670
777
265
620
699
841
300
817
119
863
470
764
460
503
243
488
616
438
804
395
477
783
252
41
473
992
735
902
819
469
170
796
170
751
202
588
64
539
253
324
371
328
336
614
372
131
627
762
294
967
469
413
828
154
384
943
391
61
364
573
48
259
243
166
292
759
763
237
736
950
783
446
851
18
659
527
761
548
515
405
64
234
276
481
980
873
334
936
939
102
227
576
833
417
903
245
489
400
608
930
949
594
453
253
860
355
123
231
410
277
984
256
602
593
535
712
114
516
817
642
569
389
136
670
286
781
94
887
637
741
610
858
945
535
140
712
239
680
816
325
47
697
284
612
747
925
90
218
946
470
832
532
5
870
504
835
614
772
588
63
91
228
19
215
199
898
247
132
516
339
617
546
779
690
746
57
593
236
53
569
630
991
40
992
960
93
191
802
701
719
236
178
956
380
911
607
219
737
780
853
934
745
643
878
224
287
322
354
374
802
771
667
264
874
149
415
228
156
951
352
19
4
206
844
416
660
344
27
198
625
560
321
864
982
36
358
877
74
84
38
947
944
829
920
801
884
490
821
547
182
274
875
311
790
75
440
794
96
241
993
826
687
214
252
604
662
648
543
509
603
828
664
871
73
449
251
255
812
951
789
864
163
239
158
754
678
498
245
751
435
76
259
538
903
285
685
362
23
402
768
198
58
541
963
989
570
95
746
974
911
91
616
377
907
476
726
900
784
16
990
570
882
299
366
585
224
994
642
749
811
363
371
941
25
471
458
24
492
258
21
860
10
541
961
439
932
845
505
152
220
978
168
175
19
484
660
469
348
273
289
89
554
284
797
735
796
783
469
994
86
403
48
398
837
285
168
302
544
456
621
131
748
613
607
997
550
700
128
366
99
229
41
560
78
850
243
686
403
585
610
143
622
830
323
307
563
664
15
229
735
520
994
59
599
777
336
119
804
884
622
742
957
676
522
893
429
801
739
108
511
47
966
868
478
366
321
975
593
595
861
100
530
912
262
544
341
302
293
877
680
208
773
606
475
930
500
837
204
743
556
641
747
850
356
407
442
733
863
554
956
658
747
483
450
51
284
573
98
56
275
246
549
121
739
149
973
394
723
589
480
573
585
820
329
582
710
118
583
130
923
828
494
307
572
72
382
11
144
898
932
862
916
507
425
885
154
800
12
175
235
87
471
444
81
576
51
195
466
958
916
57
355
156
499
226
180
582
687
158
291
764
304
593
904
938
279
269
897
203
510
605
746
596
975
947
847
255
219
926
121
129
768
667
883
495
59
629
700
64
969
476
218
765
458
980
430
754
196
86
689
576
85
942
486
782
830
814
368
508
1
270
388
308
916
534
699
420
453
942
999
948
565
510
380
258
469
294
111
609
897
395
902
611
205
432
980
624
308
727
430
149
902
298
963
290
339
303
658
282
313
423
194
218
621
886
988
386
71
89
50
306
769
296
953
373
460
992
114
554
149
615
725
522
672
52
313
516
841
30
596
589
521
225
579
260
78
837
792
300
796
172
616
217
239
549
642
715
558
368
10
333
912
999
117
737
111
391
332
291
62
789
801
30
748
362
679
616
257
196
339
248
756
407
149
429
467
278
530
615
40
384
522
670
974
324
545
282
70
25
1000
293
54
820
464
856
638
823
845
790
108
341
667
539
920
840
417
984
82
827
625
770
58
511
386
180
727
81
418
442
370
473
620
976
58
700
859
765
696
37
859
492
652
641
197
496
216
651
904
678
989
471
636
610
322
336
691
752
975
487
577
114
789
50
493
244
982
262
779
434
588
798
474
867
933
489
823
314
612
894
986
804
756
294
228
640
139
233
628
486
140
783
411
500
344
857
42
842
664
503
460
363
348
119
108
944
944
270
481
720
677
893
495
129
433
326
713
144
781
964
910
162
186
39
262
849
713
945
627
478
867
263
625
570
192
274
866
844
50
253
552
959
917
611
692
485
297
833
758
228
806
282
106
92
821
314
469
973
49
399
246
196
267
702
158
946
207
821
63
800
902
137
745
684
356
940
284
459
724
587
143
845
595
339
227
341
231
699
873
688
841
520
789
347
76
675
45
274
841
11
281
989
695
385
803
190
421
272
23
14
901
451
977
173
957
488
859
423
779
556
163
154
945
594
755
25
615
637
27
426
313
414
920
320
265
766
696
162
680
649
782
248
816
708
818
521
283
821
205
9
319
26
435
432
683
942
566
565
162
484
618
674
273
454
121
61
404
542
24
391
562
242
847
718
48
632
552
661
35
175
613
545
713
698
813
737
340
794
119
136
203
220
253
695
322
261
107
524
820
137
835
444
160
435
243
809
810
91
713
776
164
502
709
687
197
83
298
301
744
765
71
438
280
752
911
960
896
596
342
764
916
632
563
75
520
91
471
536
758
659
988
51
309
355
750
216
222
593
504
138
336
294
372
324
378
400
634
393
7
648
258
899
193
635
417
926
702
518
47
764
543
81
739
962
121
246
195
899
826
370
235
609
688
448
965
253
268
789
81
114
749
674
180
75
519
784
26
155
191
101
845
433
834
189
679
701
556
160
412
442
299
84
800
936
242
553
396
712
667
800
14
371
789
627
698
669
651
864
355
392
347
736
943
461
893
466
189
275
491
887
696
682
556
550
355
822
72
929
545
403
51
591
923
401
931
524
952
426
443
79
650
157
27
139
419
718
144
973
489
45
700
493
948
853
56
561
763
172
436
438
699
249
486
438
858
306
939
162
841
601
627
621
8
835
582
41
186
616
90
261
140
623
766
163
221
476
956
522
699
476
233
595
902
440
277
46
70
734
458
764
235
157
209
178
35
141
154
687
627
330
891
500
860
25
393
344
75
643
617
331
79
301
544
738
577
212
211
632
906
251
454
789
761
25
281
712
593
440
430
285
346
361
56
441
587
870
618
318
488
250
396
938
792
813
231
825
727
198
722
115
234
54
408
151
754
758
759
997
976
13
584
315
59
875
623
174
767
289
505
177
514
798
373
313
499
374
561
511
912
616
660
485
684
209
797
147
414
37
432
309
90
698
167
244
597
71
561
271
162
883
991
586
344
670
695
448
712
773
894
7
82
555
68
809
946
534
350
890
145
483
135
214
541
521
648
105
787
445
660
239
498
178
136
889
88
910
405
584
386
516
415
796
945
765
518
889
602
106
873
666
475
284
660
1
447
999
816
838
286
82
908
957
45
826
687
911
352
638
398
161
920
57
385
428
11
892
242
404
990
622
132
492
560
706
406
973
212
186
915
49
679
300
859
488
684
45
731
984
980
717
924
797
394
769
125
706
815
633
265
97
664
223
662
83
358
688
846
11
623
914
273
638
300
411
415
583
144
44
725
852
759
602
244
341
17
430
233
202
812
334
447
897
385
683
595
687
649
83
183
234
276
36
482
913
904
707
53
722
286
202
562
491
746
338
995
979
175
614
227
801
697
366
266
154
696
940
962
884
308
962
131
618
688
282
610
733
537
200
278
825
570
666
670
157
401
111
611
384
349
880
640
582
145
288
375
466
174
34
498
891
857
77
937
450
341
99
23
252
445
268
355
530
700
234
987
139
826
75
605
133
771
934
360
883
195
883
176
309
770
712
15
388
753
191
749
518
255
797
795
37
48
172
45
362
248
258
462
269
286
951
80
758
791
887
594
39
215
600
179
439
65
611
654
625
931
583
599
337
474
653
756
14
714
981
735
236
186
130
802
345
948
572
658
93
983
686
975
32
195
176
697
496
246
744
227
535
546
514
879
149
74
699
865
29
408
990
887
252
208
30
10
748
339
653
193
930
160
437
706
78
13
20
520
957
576
732
449
323
281
458
698
661
509
554
338
373
985
216
294
350
188
456
700
364
48
247
587
506
720
232
260
987
210
483
472
635
388
307
802
471
285
763
932
161
763
948
129
608
700
513
339
588
482
112
483
566
575
77
652
931
983
548
56
114
608
435
766
965
754
794
701
758
956
855
924
821
968
65
421
458
526
517
616
988
198
508
55
602
559
451
505
614
642
197
880
425
606
179
744
440
539
497
151
249
522
654
600
94
890
64
183
295
310
323
402
824
81
929
550
620
564
913
789
167
386
304
573
795
618
287
897
728
364
60
957
456
810
612
982
559
820
746
138
615
128
960
881
547
392
558
805
861
928
333
229
43
439
308
551
128
588
55
728
624
103
103
670
243
315
396
760
289
428
337
743
526
825
312
255
429
17
193
978
111
904
976
873
9
592
563
923
672
758
949
306
615
931
708
1
818
876
674
144
435
693
955
581
887
438
330
414
702
723
62
646
912
341
262
114
894
276
830
174
191
75
9
50
624
580
507
621
408
613
500
614
694
954
939
913
644
855
290
85
499
379
585
467
733
90
157
955
673
207
490
509
845
928
318
610
838
292
929
895
633
230
31
700
862
342
222
729
186
872
91
331
803
336
558
315
876
241
386
689
769
20
619
496
289
486
480
76
856
20
464
298
960
283
309
726
869
381
401
476
554
179
528
760
277
312
626
846
126
249
519
679
211
163
416
330
109
533
821
681
136
942
673
732
978
230
709
729
462
645
235
857
625
44
634
95
473
599
474
294
297
800
108
566
568
406
791
271
957
979
250
951
616
455
106
335
984
549
340
823
333
159
739
888
643
453
137
678
103
988
207
892
869
869
941
283
730
74
352
900
277
267
430
828
516
720
732
773
386
421
837
550
726
938
171
200
573
977
22
234
676
416
596
241
19
900
845
279
790
339
911
246
528
658
840
416
366
560
827
953
455
998
684
652
38
144
75
839
62
268
92
850
358
434
143
441
377
670
129
167
422
631
925
411
524
409
881
970
51
840
89
158
381
651
454
99
627
352
707
762
604
488
66
937
344
495
729
992
271
494
82
993
360
839
68
566
879
484
537
327
807
168
136
63
539
472
514
371
917
729
512
626
490
379
537
366
148
859
728
953
124
669
960
558
890
815
550
391
954
585
138
493
878
703
495
245
957
951
292
834
521
152
24
787
353
934
782
481
919
92
166
783
180
29
266
887
373
802
844
825
953
178
982
227
627
881
341
531
518
824
128
220
757
223
32
174
818
549
581
599
175
360
858
288
774
190
895
339
179
72
73
801
343
78
467
538
341
594
487
270
736
774
34
629
453
806
940
481
396
925
229
429
177
45
85
292
711
374
1000
90
889
624
534
630
881
420
70
344
905
977
317
722
13
777
4
685
990
956
180
248
591
739
540
674
781
433
367
15
314
544
764
463
933
521
662
886
6
759
91
182
184
460
194
182
854
667
324
872
192
90
94
832
411
447
832
950
191
716
215
339
146
5
501
368
947
383
369
856
273
964
661
976
395
627
763
325
932
298
781
119
511
891
327
436
860
53
370
725
63
140
661
622
363
45
290
501
733
892
726
553
62
671
242
568
924
658
167
276
457
861
165
749
738
419
599
244
819
865
600
724
212
156
709
458
688
261
911
166
190
473
839
98
253
80
650
888
824
240
545
490
328
305
521
109
689
93
456
941
164
694
48
443
10
717
974
542
448
177
524
543
595
405
465
812
165
480
597
178
47
8
419
705
831
415
164
989
706
100
33
602
287
445
241
232
208
409
910
526
910
626
723
59
188
914
558
838
90
374
383
75
261
63
231
770
286
412
30
78
746
332
9
665
166
265
38
850
858
483
174
937
89
406
507
483
456
722
271
14
481
113
343
431
145
666
145
695
576
416
749
829
85
792
168
340
14
444
881
491
159
701
90
31
798
98
619
60
764
852
592
593
338
298
621
267
376
795
981
602
29
41
593
101
574
845
261
57
489
826
234
100
183
977
573
826
150
645
506
151
436
786
170
94
714
992
751
811
395
426
971
269
897
564
880
462
961
732
602
744
222
386
376
233
512
122
519
631
398
776
340
792
914
278
632
494
809
31
982
386
32
274
475
16
860
25
295
970
123
744
388
782
439
441
872
593
447
96
689
63
527
808
756
13
208
478
538
125
992
874
272
277
765
898
120
788
22
405
743
461
556
901
54
916
261
436
214
461
549
17
343
579
520
16
158
866
441
793
111
915
107
441
451
784
229
161
787
355
110
735
961
671
274
927
897
567
942
565
410
377
710
905
596
511
994
824
188
817
298
256
829
384
802
516
839
192
622
621
470
955
834
902
922
867
725
152
68
528
392
346
651
923
265
460
76
939
89
825
907
412
394
434
181
854
66
822
243
272
333
474
889
937
141
791
903
333
57
639
891
333
924
24
555
447
279
212
48
820
719
206
42
625
855
146
286
11
915
822
526
947
693
873
677
672
336
298
933
790
200
759
33
232
103
545
475
300
128
731
926
841
586
692
23
977
376
768
120
878
525
764
846
670
634
749
36
850
98
26
951
497
124
26
765
255
529
702
578
644
908
102
378
627
64
991
583
288
320
109
398
415
490
362
743
85
774
348
237
34
30
673
772
365
813
573
200
11
76
997
145
715
417
56
782
94
91
885
483
16
526
971
215
312
865
938
911
188
420
894
262
834
181
20
189
838
690
711
406
329
536
789
833
318
235
586
609
347
4
403
86
54
806
455
718
379
761
900
994
757
118
552
931
190
244
486
969
776
269
499
357
219
722
577
405
600
905
79
51
371
454
573
155
377
446
986
576
538
57
732
88
544
866
284
525
608
666
187
723
7
692
502
992
461
668
726
758
55
345
394
28
698
76
37
401
969
282
486
162
585
206
712
937
219
21
572
194
303
370
186
704
402
435
495
536
680
257
274
241
109
8
493
734
976
651
544
430
803
393
579
214
227
647
525
60
732
589
691
152
577
720
462
318
958
970
242
472
850
270
611
543
783
112
320
853
387
64
897
887
569
801
508
537
385
840
630
812
738
416
336
632
779
871
718
531
625
375
468
856
763
386
776
223
117
766
862
314
623
535
826
979
198
715
429
192
529
962
797
273
298
395
873
26
683
558
74
618
614
874
578
223
244
573
296
225
434
6
696
565
748
515
802
468
846
364
810
340
854
347
409
504
273
194
811
56
221
747
231
598
551
747
528
253
871
387
961
376
166
833
944
750
189
682
931
394
113
455
896
411
827
548
685
31
312
583
734
722
743
359
107
469
942
684
440
369
630
413
945
67
395
168
509
613
331
756
422
918
190
254
584
939
817
24
941
339
821
577
562
844
981
906
612
446
558
587
825
676
432
526
395
729
498
376
194
832
38
280
989
309
273
985
869
386
5
761
809
941
111
895
551
960
572
57
656
933
205
909
458
332
783
985
205
579
227
107
122
77
704
614
49
138
126
192
831
156
240
321
861
548
746
820
890
109
385
684
193
746
620
542
88
548
889
200
20
67
334
178
843
499
103
368
18
316
940
394
22
484
403
657
839
116
429
885
558
989
30
297
700
686
132
929
899
989
395
447
680
472
682
361
690
750
779
883
192
414
240
701
476
126
536
265
945
87
824
436
7
122
857
35
993
39
336
127
830
913
318
735
359
776
789
602
803
759
933
875
362
289
353
672
764
201
435
519
678
161
524
671
745
172
629
581
235
722
218
433
688
477
193
623
498
540
194
647
665
239
987
395
737
532
522
936
353
577
560
368
103
700
108
440
689
566
876
729
82
549
687
296
550
674
894
872
200
360
30
800
637
503
24
108
516
185
143
460
505
570
873
450
898
250
731
550
167
599
476
27
694
508
522
959
164
975
190
63
819
149
356
455
850
526
313
987
22
299
380
9
219
118
933
419
353
161
257
284
170
184
251
59
735
117
111
156
416
909
251
141
579
640
954
673
561
757
390
763
144
107
745
584
214
49
748
117
884
927
628
611
815
779
115
799
102
121
660
830
134
940
622
265
772
567
143
876
18
861
143
305
325
256
371
752
525
972
826
110
376
459
794
864
951
753
62
174
161
178
595
976
736
300
657
831
896
80
901
791
173
329
249
526
440
309
899
230
911
919
224
663
484
188
304
930
134
734
434
841
968
306
576
882
323
612
921
702
530
199
955
978
446
974
152
844
721
939
86
247
882
36
515
210
8
273
670
849
82
360
852
17
963
299
171
703
792
716
269
363
46
248
195
803
827
80
826
666
489
197
735
271
797
223
107
963
178
329
29
446
311
269
101
746
183
511
852
972
157
638
517
635
54
749
534
599
404
678
964
995
320
882
767
564
49
679
732
244
695
586
921
208
713
603
116
276
926
603
682
338
716
968
861
536
118
497
413
902
695
717
232
588
42
364
92
280
746
15
975
783
793
92
508
115
924
17
460
508
403
951
348
703
339
25
149
225
649
300
540
395
596
12
168
664
588
439
601
229
357
443
550
343
156
524
585
515
396
707
465
822
639
374
993
209
690
472
538
812
628
906
797
529
827
652
102
454
974
801
340
6
194
410
40
232
421
513
403
875
237
748
455
279
507
324
48
688
765
896
683
405
580
580
312
958
803
548
838
18
816
992
837
395
251
478
24
671
501
737
555
843
467
745
403
892
225
492
919
367
339
185
920
231
255
359
84
154
987
764
521
510
848
465
382
323
163
929
187
383
852
289
414
792
25
906
976
44
98
391
663
98
632
604
395
417
452
328
902
970
195
595
707
206
617
331
676
518
927
407
984
598
439
248
634
629
975
888
706
947
798
799
418
102
582
292
401
983
917
257
146
105
235
16
92
317
998
13
81
173
297
125
593
229
200
392
236
715
329
956
177
712
260
284
879
303
108
935
191
113
40
982
705
729
1000
736
767
625
899
179
761
932
533
266
86
397
546
600
564
14
529
823
925
463
344
157
320
423
106
989
742
814
509
337
354
826
680
429
230
498
804
42
662
613
664
225
624
420
659
417
410
773
244
645
164
258
349
82
810
785
234
757
227
912
819
33
996
244
335
147
920
821
501
612
753
51
361
577
759
212
62
183
588
548
188
471
95
205
113
781
396
661
375
728
606
42
653
823
69
420
157
651
623
483
22
780
504
241
408
545
670
422
587
538
266
104
403
734
601
721
485
780
438
209
519
7
495
694
722
807
695
34
938
255
208
753
697
97
68
731
608
113
248
375
675
553
190
324
914
583
924
342
908
483
79
300
222
688
402
738
290
708
240
71
236
365
909
288
460
362
900
653
160
645
946
57
937
443
808
830
869
936
232
211
706
985
602
363
201
447
733
626
273
56
813
559
974
141
69
456
102
494
781
540
262
441
737
254
341
108
342
733
2
166
193
802
531
545
980
790
798
217
144
926
544
396
790
219
149
588
849
440
160
460
694
287
617
543
435
313
935
723
553
834
30
60
179
328
522
814
78
535
509
656
22
147
321
494
819
995
885
699
318
913
698
841
187
634
418
449
226
403
864
859
784
83
795
408
877
976
888
306
26
52
167
200
247
826
687
273
222
729
301
365
317
848
411
437
927
454
107
774
86
714
392
949
993
640
404
694
238
917
721
819
775
822
486
971
450
552
104
375
571
712
723
101
711
165
125
543
506
952
26
873
149
15
829
751
833
162
139
322
6
527
399
399
280
555
175
653
317
36
621
669
635
994
635
219
599
534
799
677
11
56
401
798
304
987
663
516
581
846
610
735
462
854
909
624
34
359
443
154
269
936
444
674
442
496
54
103
300
336
230
605
769
826
419
392
93
618
208
141
854
987
868
479
730
503
790
637
529
701
973
89
539
883
260
626
798
203
367
968
663
936
653
35
372
231
383
290
729
221
330
769
375
531
635
182
256
715
488
370
607
204
45
199
638
452
439
28
322
820
475
778
806
184
184
404
338
920
20
704
782
544
735
607
547
912
333
693
136
852
818
591
708
884
784
918
740
274
822
997